59
3	0	0.27637,0.23466,0.48896
3	0	0.49782,0.2664,0.23578
2	2	0	1	0,0:0.30308,0.69692	0,1:0.44017,0.55983	0,2:0.30508,0.69492	1,0:0.43464,0.56536	1,1:0.63821,0.36179	1,2:0.58281,0.41719	2,0:0.45165,0.54835	2,1:0.09427,0.90573	2,2:0.53809,0.46191
2	3	0	1	2	0,0,0:0.7536,0.2464	0,0,1:0.21884,0.78116	0,1,0:0.72868,0.27132	0,1,1:0.41367,0.58633	0,2,0:0.03186,0.96814	0,2,1:0.39738,0.60262	1,0,0:0.58854,0.41146	1,0,1:0.92509,0.07491	1,1,0:0.35429,0.64571	1,1,1:0.45656,0.54344	1,2,0:0.65895,0.34105	1,2,1:0.52001,0.47999	2,0,0:0.56417,0.43583	2,0,1:0.73857,0.26143	2,1,0:0.64767,0.35233	2,1,1:0.45443,0.54557	2,2,0:0.56781,0.43219	2,2,1:0.11479,0.88521
3	3	0	2	3	0,0,0:0.16459,0.2385,0.59691	0,0,1:0.37445,0.26189,0.36366	0,1,0:0.04882,0.37168,0.57949	0,1,1:0.02602,0.37141,0.60257	1,0,0:0.28824,0.25621,0.45556	1,0,1:0.30333,0.58018,0.11649	1,1,0:0.49218,0.04696,0.46087	1,1,1:0.02487,0.61091,0.36422	2,0,0:0.02933,0.58651,0.38416	2,0,1:0.49414,0.16351,0.34235	2,1,0:0.31545,0.62695,0.0576	2,1,1:0.47715,0.2359,0.28695
3	1	2	0:0.25927,0.46647,0.27426	1:0.44673,0.13419,0.41908
3	3	1	2	3	0,0,0:0.55723,0.16773,0.27504	0,0,1:0.45733,0.51006,0.03261	0,1,0:0.44434,0.13221,0.42345	0,1,1:0.51876,0.10334,0.3779	1,0,0:0.58182,0.33412,0.08406	1,0,1:0.07808,0.01554,0.90637	1,1,0:0.31975,0.01933,0.66092	1,1,1:0.36378,0.52959,0.10664	2,0,0:0.3626,0.37921,0.2582	2,0,1:0.15206,0.0387,0.80924	2,1,0:0.36456,0.36898,0.26646	2,1,1:0.87464,0.06934,0.05602
2	1	6	0:0.60389,0.39611	1:0.81961,0.18039	2:0.09223,0.90777
2	3	0	3	5	0,0,0:0.10936,0.89064	0,0,1:0.97246,0.02754	0,0,2:0.52469,0.47531	0,1,0:0.57434,0.42566	0,1,1:0.05173,0.94827	0,1,2:0.4179,0.5821	1,0,0:0.40457,0.59543	1,0,1:0.51377,0.48623	1,0,2:0.34213,0.65787	1,1,0:0.50459,0.49541	1,1,1:0.54865,0.45135	1,1,2:0.52127,0.47873	2,0,0:0.40342,0.59658	2,0,1:0.89307,0.10693	2,0,2:0.25409,0.74591	2,1,0:0.43383,0.56617	2,1,1:0.17929,0.82071	2,1,2:0.59481,0.40519
2	2	0	3	0,0:0.66543,0.33457	0,1:0.43427,0.56573	1,0:0.18114,0.81886	1,1:0.34877,0.65123	2,0:0.41213,0.58787	2,1:0.3676,0.6324
2	1	3	0:0.85574,0.14426	1:0.30265,0.69735
3	2	0	10	0,0:0.54499,0.44999,0.00501	0,1:0.25963,0.15182,0.58855	1,0:0.03173,0.55159,0.41667	1,1:0.23719,0.50033,0.26248	2,0:0.3581,0.18495,0.45695	2,1:0.4544,0.12052,0.42508
2	2	9	10	0,0:0.04608,0.95392	0,1:0.30556,0.69444	1,0:0.49816,0.50184	1,1:0.53872,0.46128
2	1	0	0:0.46225,0.53775	1:0.72045,0.27955	2:0.6396,0.3604
3	2	11	13	0,0:0.31496,0.35745,0.32759	0,1:0.28094,0.37727,0.34179	1,0:0.42401,0.2045,0.37149	1,1:0.06802,0.03812,0.89386	2,0:0.41252,0.4167,0.17078	2,1:0.42135,0.39222,0.18643
3	3	0	1	11	0,0,0:0.30299,0.43153,0.26548	0,0,1:0.60941,0.14414,0.24646	0,0,2:0.42214,0.26495,0.3129	0,1,0:0.25236,0.26004,0.4876	0,1,1:0.31942,0.26858,0.41199	0,1,2:0.12715,0.56006,0.3128	0,2,0:0.30636,0.08778,0.60586	0,2,1:0.27196,0.34435,0.3837	0,2,2:0.05867,0.69985,0.24147	1,0,0:0.31081,0.32945,0.35975	1,0,1:0.60325,0.27506,0.12169	1,0,2:0.54729,0.30936,0.14335	1,1,0:0.67158,0.11863,0.20979	1,1,1:0.20107,0.53855,0.26038	1,1,2:0.38082,0.27818,0.341	1,2,0:0.43791,0.53354,0.02856	1,2,1:0.04372,0.47781,0.47847	1,2,2:0.07679,0.48769,0.43552	2,0,0:0.74373,0.25394,0.00234	2,0,1:0.41678,0.40811,0.1751	2,0,2:0.06254,0.76244,0.17502	2,1,0:0.26871,0.52805,0.20324	2,1,1:0.44223,0.48406,0.07371	2,1,2:0.35295,0.3475,0.29955	2,2,0:0.35821,0.19631,0.44547	2,2,1:0.48854,0.05555,0.45591	2,2,2:0.17566,0.5637,0.26064
2	3	6	10	13	0,0,0:0.88142,0.11858	0,0,1:0.51748,0.48252	0,1,0:0.42735,0.57265	0,1,1:0.0849,0.9151	1,0,0:0.58825,0.41175	1,0,1:0.82446,0.17554	1,1,0:0.47081,0.52919	1,1,1:0.82756,0.17244	2,0,0:0.11676,0.88324	2,0,1:0.40812,0.59188	2,1,0:0.73435,0.26565	2,1,1:0.42249,0.57751
2	1	16	0:0.58871,0.41129	1:0.51623,0.48377
2	1	12	0:0.47123,0.52877	1:0.63212,0.36788
3	2	9	12	0,0:0.35219,0.55778,0.09003	0,1:0.39131,0.37833,0.23036	1,0:0.39993,0.48131,0.11876	1,1:0.17883,0.50012,0.32105
2	2	6	16	0,0:0.68013,0.31987	0,1:0.22346,0.77654	1,0:0.14412,0.85588	1,1:0.53379,0.46621	2,0:0.02516,0.97484	2,1:0.59814,0.40186
3	3	1	3	20	0,0,0:0.68155,0.13998,0.17848	0,0,1:0.27543,0.69212,0.03245	0,1,0:0.35736,0.35066,0.29198	0,1,1:0.03591,0.24563,0.71846	1,0,0:0.2349,0.54894,0.21617	1,0,1:0.46141,0.12641,0.41218	1,1,0:0.45933,0.07434,0.46632	1,1,1:0.01502,0.68455,0.30043	2,0,0:0.25809,0.71983,0.02207	2,0,1:0.21154,0.49214,0.29632	2,1,0:0.21594,0.42958,0.35447	2,1,1:0.12081,0.29812,0.58108
2	1	7	0:0.23171,0.76829	1:0.76553,0.23447
2	3	1	5	11	0,0,0:0.64316,0.35684	0,0,1:0.96467,0.03533	0,0,2:0.65778,0.34222	0,1,0:0.44466,0.55534	0,1,1:0.60767,0.39233	0,1,2:0.1694,0.8306	0,2,0:0.40052,0.59948	0,2,1:0.51846,0.48154	0,2,2:0.60188,0.39812	1,0,0:0.35532,0.64468	1,0,1:0.88962,0.11038	1,0,2:0.03021,0.96979	1,1,0:0.32641,0.67359	1,1,1:0.28207,0.71793	1,1,2:0.54331,0.45669	1,2,0:0.54238,0.45762	1,2,1:0.09107,0.90893	1,2,2:0.20275,0.79725	2,0,0:0.10493,0.89507	2,0,1:0.47476,0.52524	2,0,2:0.42406,0.57594	2,1,0:0.43613,0.56387	2,1,1:0.45988,0.54012	2,1,2:0.67757,0.32243	2,2,0:0.51508,0.48492	2,2,1:0.47764,0.52236	2,2,2:0.95916,0.04084
2	1	9	0:0.68242,0.31758	1:0.5066,0.4934
2	3	2	4	15	0,0,0:0.99056,0.00944	0,0,1:0.51947,0.48053	0,0,2:0.38567,0.61433	0,1,0:0.3612,0.6388	0,1,1:0.60598,0.39402	0,1,2:0.87609,0.12391	0,2,0:0.75935,0.24065	0,2,1:0.83799,0.16201	0,2,2:0.58984,0.41016	1,0,0:0.82656,0.17344	1,0,1:0.1406,0.8594	1,0,2:0.45861,0.54139	1,1,0:0.69821,0.30179	1,1,1:0.28614,0.71386	1,1,2:0.29253,0.70747	1,2,0:0.45395,0.54605	1,2,1:0.55652,0.44348	1,2,2:0.94284,0.05716
2	4	1	9	14	16	0,0,0,0:0.4991,0.5009	0,0,0,1:0.94832,0.05168	0,0,1,0:0.43555,0.56445	0,0,1,1:0.08152,0.91848	0,0,2,0:0.27594,0.72406	0,0,2,1:0.64504,0.35496	0,1,0,0:0.30821,0.69179	0,1,0,1:0.54609,0.45391	0,1,1,0:0.49967,0.50033	0,1,1,1:0.07107,0.92893	0,1,2,0:0.55461,0.44539	0,1,2,1:0.99778,0.00222	1,0,0,0:0.48454,0.51546	1,0,0,1:0.55727,0.44273	1,0,1,0:0.67245,0.32755	1,0,1,1:0.95239,0.04761	1,0,2,0:0.38667,0.61333	1,0,2,1:0.64547,0.35453	1,1,0,0:0.82145,0.17855	1,1,0,1:0.71933,0.28067	1,1,1,0:0.50917,0.49083	1,1,1,1:0.35358,0.64642	1,1,2,0:0.75633,0.24367	1,1,2,1:0.42778,0.57222	2,0,0,0:0.12032,0.87968	2,0,0,1:0.60006,0.39994	2,0,1,0:0.48297,0.51703	2,0,1,1:0.74112,0.25888	2,0,2,0:0.39193,0.60807	2,0,2,1:0.4841,0.5159	2,1,0,0:0.52059,0.47941	2,1,0,1:0.04676,0.95324	2,1,1,0:0.50558,0.49442	2,1,1,1:0.55794,0.44206	2,1,2,0:0.75299,0.24701	2,1,2,1:0.66941,0.33059
3	2	20	23	0,0:0.45279,0.17223,0.37498	0,1:0.34152,0.30843,0.35005	1,0:0.24831,0.46095,0.29075	1,1:0.46736,0.24773,0.28491
2	4	6	12	13	25	0,0,0,0:0.73606,0.26394	0,0,0,1:0.73214,0.26786	0,0,1,0:0.1971,0.8029	0,0,1,1:0.6893,0.3107	0,1,0,0:0.66274,0.33726	0,1,0,1:0.11836,0.88164	0,1,1,0:0.04689,0.95311	0,1,1,1:0.2329,0.7671	1,0,0,0:0.37242,0.62758	1,0,0,1:0.59341,0.40659	1,0,1,0:0.96279,0.03721	1,0,1,1:0.44047,0.55953	1,1,0,0:0.85156,0.14844	1,1,0,1:0.70327,0.29673	1,1,1,0:0.01181,0.98819	1,1,1,1:0.0934,0.9066	2,0,0,0:0.09654,0.90346	2,0,0,1:0.55485,0.44515	2,0,1,0:0.95018,0.04982	2,0,1,1:0.51637,0.48363	2,1,0,0:0.44916,0.55084	2,1,0,1:0.2119,0.7881	2,1,1,0:0.10502,0.89498	2,1,1,1:0.78155,0.21845
3	3	21	25	27	0,0,0:0.19202,0.7936,0.01438	0,0,1:0.0532,0.38757,0.55923	0,0,2:0.69298,0.04377,0.26326	0,1,0:0.64132,0.13552,0.22315	0,1,1:0.34908,0.06142,0.5895	0,1,2:0.47508,0.00946,0.51545	1,0,0:0.78123,0.00824,0.21053	1,0,1:0.22471,0.47937,0.29592	1,0,2:0.21794,0.02884,0.75322	1,1,0:0.03919,0.73041,0.2304	1,1,1:0.59748,0.04093,0.36159	1,1,2:0.41853,0.26116,0.32032	2,0,0:0.17817,0.45358,0.36825	2,0,1:0.09162,0.42996,0.47842	2,0,2:0.44474,0.25007,0.30519	2,1,0:0.18165,0.4695,0.34884	2,1,1:0.40944,0.41726,0.1733	2,1,2:0.31417,0.42076,0.26507
2	2	15	23	0,0:0.62118,0.37882	0,1:0.32736,0.67264	1,0:0.38598,0.61402	1,1:0.92954,0.07046	2,0:0.51048,0.48952	2,1:0.31417,0.68583
2	3	1	8	11	0,0,0:0.97784,0.02216	0,0,1:0.06582,0.93418	0,0,2:0.27762,0.72238	0,1,0:0.56861,0.43139	0,1,1:0.72918,0.27082	0,1,2:0.56196,0.43804	1,0,0:0.42396,0.57604	1,0,1:0.6459,0.3541	1,0,2:0.84572,0.15428	1,1,0:0.4271,0.5729	1,1,1:0.16769,0.83231	1,1,2:0.79549,0.20451	2,0,0:0.57269,0.42731	2,0,1:0.22036,0.77964	2,0,2:0.28128,0.71872	2,1,0:0.28681,0.71319	2,1,1:0.54327,0.45673	2,1,2:0.15663,0.84337
3	1	1	0:0.10043,0.22989,0.66968	1:0.34334,0.41396,0.2427	2:0.42024,0.30447,0.27528
3	1	20	0:0.4257,0.4506,0.1237	1:0.20914,0.67928,0.11158
3	2	0	4	0,0:0.12728,0.39007,0.48264	0,1:0.6242,0.15581,0.21999	0,2:0.32584,0.38039,0.29377	1,0:0.39735,0.40052,0.20213	1,1:0.79739,0.1998,0.0028	1,2:0.50995,0.083,0.40705	2,0:0.18745,0.313,0.49954	2,1:0.20416,0.42883,0.36701	2,2:0.00777,0.25115,0.74108
2	3	6	25	34	0,0,0:0.6075,0.3925	0,0,1:0.26515,0.73485	0,0,2:0.52541,0.47459	0,1,0:0.31535,0.68465	0,1,1:0.96682,0.03318	0,1,2:0.66789,0.33211	1,0,0:0.6392,0.3608	1,0,1:0.65197,0.34803	1,0,2:0.71492,0.28508	1,1,0:0.63326,0.36674	1,1,1:0.457,0.543	1,1,2:0.84908,0.15092	2,0,0:0.40725,0.59275	2,0,1:0.55277,0.44723	2,0,2:0.43798,0.56202	2,1,0:0.6389,0.3611	2,1,1:0.71686,0.28314	2,1,2:0.21393,0.78607
2	4	3	11	24	29	0,0,0,0:0.53668,0.46332	0,0,0,1:0.00058,0.99942	0,0,0,2:0.43065,0.56935	0,0,1,0:0.43441,0.56559	0,0,1,1:0.98234,0.01766	0,0,1,2:0.84054,0.15946	0,1,0,0:0.95787,0.04213	0,1,0,1:0.27076,0.72924	0,1,0,2:0.42798,0.57202	0,1,1,0:0.26479,0.73521	0,1,1,1:0.67516,0.32484	0,1,1,2:0.38411,0.61589	0,2,0,0:0.14226,0.85774	0,2,0,1:0.26679,0.73321	0,2,0,2:0.33239,0.66761	0,2,1,0:0.37434,0.62566	0,2,1,1:0.45541,0.54459	0,2,1,2:0.54813,0.45187	1,0,0,0:0.64429,0.35571	1,0,0,1:0.70532,0.29468	1,0,0,2:0.64971,0.35029	1,0,1,0:0.20607,0.79393	1,0,1,1:0.56719,0.43281	1,0,1,2:0.05661,0.94339	1,1,0,0:0.03503,0.96497	1,1,0,1:0.24668,0.75332	1,1,0,2:0.60053,0.39947	1,1,1,0:0.71405,0.28595	1,1,1,1:0.54902,0.45098	1,1,1,2:0.77365,0.22635	1,2,0,0:0.20684,0.79316	1,2,0,1:0.2771,0.7229	1,2,0,2:0.29277,0.70723	1,2,1,0:0.55369,0.44631	1,2,1,1:0.39191,0.60809	1,2,1,2:0.47897,0.52103
3	1	33	0:0.65597,0.1852,0.15883	1:0.42598,0.25352,0.3205	2:0.40676,0.07774,0.5155
3	3	11	20	21	0,0,0:0.18653,0.496,0.31747	0,0,1:0.11713,0.34131,0.54156	0,0,2:0.4034,0.11245,0.48415	0,1,0:0.31628,0.45632,0.2274	0,1,1:0.38278,0.13462,0.48261	0,1,2:0.21775,0.28612,0.49613	1,0,0:0.30036,0.02483,0.67481	1,0,1:0.26718,0.25017,0.48265	1,0,2:0.37688,0.177,0.44612	1,1,0:0.33804,0.28149,0.38047	1,1,1:0.36433,0.26998,0.36569	1,1,2:0.35759,0.24508,0.39733	2,0,0:0.27001,0.51083,0.21916	2,0,1:0.31964,0.33007,0.35029	2,0,2:0.29881,0.16392,0.53727	2,1,0:0.50201,0.03606,0.46193	2,1,1:0.28569,0.04954,0.66476	2,1,2:0.23152,0.27004,0.49844
2	1	16	0:0.89392,0.10608	1:0.25387,0.74613
2	2	10	34	0,0:0.82975,0.17025	0,1:0.40904,0.59096	0,2:0.46252,0.53748	1,0:0.35194,0.64806	1,1:0.57975,0.42025	1,2:0.5256,0.4744
2	1	19	0:0.10321,0.89679	1:0.6346,0.3654	2:0.37305,0.62695
3	3	25	38	39	0,0,0:0.0411,0.5007,0.4582	0,0,1:0.30454,0.10727,0.58818	0,1,0:0.58717,0.00962,0.40321	0,1,1:0.0907,0.18892,0.72038	0,2,0:0.05121,0.56366,0.38513	0,2,1:0.24492,0.41592,0.33915	1,0,0:0.2989,0.37381,0.32729	1,0,1:0.19748,0.65289,0.14963	1,1,0:0.01942,0.29695,0.68362	1,1,1:0.13596,0.75416,0.10988	1,2,0:0.67978,0.22219,0.09803	1,2,1:0.23768,0.27483,0.4875
2	1	23	0:0.76628,0.23372	1:0.48971,0.51029
2	2	15	37	0,0:0.46713,0.53287	0,1:0.73128,0.26872	0,2:0.00495,0.99505	1,0:0.5295,0.4705	1,1:0.23911,0.76089	1,2:0.42805,0.57195	2,0:0.19832,0.80168	2,1:0.37264,0.62736	2,2:0.53662,0.46338
2	1	36	0:0.27472,0.72528	1:0.20737,0.79263
3	2	6	22	0,0:0.40698,0.46628,0.12675	0,1:0.11399,0.61262,0.27339	1,0:0.06261,0.37154,0.56586	1,1:0.11763,0.26196,0.62041	2,0:0.40732,0.13833,0.45435	2,1:0.60163,0.07178,0.32659
2	3	8	11	25	0,0,0:0.61426,0.38574	0,0,1:0.07182,0.92818	0,1,0:0.44937,0.55063	0,1,1:0.92782,0.07218	0,2,0:0.38521,0.61479	0,2,1:0.7508,0.2492	1,0,0:0.8626,0.1374	1,0,1:0.33672,0.66328	1,1,0:0.2182,0.7818	1,1,1:0.55577,0.44423	1,2,0:0.72794,0.27206	1,2,1:0.33645,0.66355
3	2	22	34	0,0:0.3932,0.15865,0.44816	0,1:0.32705,0.30163,0.37132	0,2:0.11878,0.46293,0.41829	1,0:0.19573,0.06186,0.7424	1,1:0.00041,0.34856,0.65103	1,2:0.52904,0.09296,0.378
2	2	12	14	0,0:0.60945,0.39055	0,1:0.65802,0.34198	0,2:0.17136,0.82864	1,0:0.4714,0.5286	1,1:0.65922,0.34078	1,2:0.59844,0.40156
2	0	0.9999,0.0001
2	0	0.7,0.3
2	0	0.7345,0.2655
3	4	49	50	51	52	0,0,0,0:0.96,0.03,0.01	0,0,0,1:0.85,0.13,0.02	0,0,1,0:0.32,0.56,0.12	0,0,1,1:0.29,0.61,0.1	0,1,0,0:0.28,0.38,0.34	0,1,0,1:0.25,0.33,0.42	0,1,1,0:0.16,0.43,0.41	0,1,1,1:0.08,0.16,0.76	1,0,0,0:0.41,0.44,0.15	1,0,0,1:0.27,0.32,0.41	1,0,1,0:0.07,0.45,0.48	1,0,1,1:0.12,0.3,0.58	1,1,0,0:0.14,0.34,0.52	1,1,0,1:0.07,0.31,0.62	1,1,1,0:0.07,0.21,0.72	1,1,1,1:0.01,0.06,0.93
2	1	53	0:0.9,0.1	1:0.77,0.23	2:0.16,0.84
2	1	53	0:0.63,0.37	1:0.55,0.45	2:0.34,0.66
2	1	53	0:0.97,0.03	1:0.39,0.61	2:0.92,0.08
2	1	53	0:0.59,0.41	1:0.16,0.84	2:0.02,0.98
2	1	53	0:0.72,0.28	1:0.45,0.55	2:0.28,0.72
49
0	1
1	0
2	1
3	0
4	0
5	0
6	0
7	0
8	1
9	1
10	0
11	2
12	0
13	0
14	1
15	0
16	0
17	0
18	1
19	1
20	0
21	1
22	1
23	0
24	1
25	0
26	1
27	2
28	1
29	2
30	1
31	1
34	2
35	0
36	1
37	0
38	1
39	0
40	0
41	1
42	2
43	0
44	0
45	1
46	1
52	0
54	1
55	1
58	1
53
