59
3	0	0.33057,0.44345,0.22598
3	0	0.53794,0.0626,0.39946
2	2	0	1	0,0:0.13626,0.86374	0,1:0.55221,0.44779	0,2:0.96259,0.03741	1,0:0.55367,0.44633	1,1:0.17105,0.82895	1,2:0.28371,0.71629	2,0:0.48911,0.51089	2,1:0.73317,0.26683	2,2:0.96474,0.03526
2	2	0	2	0,0:0.29758,0.70242	0,1:0.1047,0.8953	1,0:0.30255,0.69745	1,1:0.95628,0.04372	2,0:0.42063,0.57937	2,1:0.14263,0.85737
3	2	1	2	0,0:0.23901,0.40963,0.35136	0,1:0.20491,0.35728,0.4378	1,0:0.07678,0.17122,0.752	1,1:0.37029,0.39085,0.23885	2,0:0.3089,0.16373,0.52737	2,1:0.04868,0.44922,0.5021
3	1	4	0:0.17577,0.19088,0.63335	1:0.48902,0.05771,0.45327	2:0.76431,0.23357,0.00212
2	3	1	2	5	0,0,0:0.5337,0.4663	0,0,1:0.26806,0.73194	0,0,2:0.65041,0.34959	0,1,0:0.31905,0.68095	0,1,1:0.1777,0.8223	0,1,2:0.9174,0.0826	1,0,0:0.42329,0.57671	1,0,1:0.34695,0.65305	1,0,2:0.44637,0.55363	1,1,0:0.43961,0.56039	1,1,1:0.93128,0.06872	1,1,2:0.17852,0.82148	2,0,0:0.66061,0.33939	2,0,1:0.25376,0.74624	2,0,2:0.30026,0.69974	2,1,0:0.55025,0.44975	2,1,1:0.69747,0.30253	2,1,2:0.57554,0.42446
2	2	0	2	0,0:0.55407,0.44593	0,1:0.43629,0.56371	1,0:0.8779,0.1221	1,1:0.08877,0.91123	2,0:0.2433,0.7567	2,1:0.73766,0.26234
2	3	0	1	3	0,0,0:0.29139,0.70861	0,0,1:0.42175,0.57825	0,1,0:0.08316,0.91684	0,1,1:0.42012,0.57988	0,2,0:0.40563,0.59437	0,2,1:0.16704,0.83296	1,0,0:0.2042,0.7958	1,0,1:0.82491,0.17509	1,1,0:0.59403,0.40597	1,1,1:0.25698,0.74302	1,2,0:0.52937,0.47063	1,2,1:0.94963,0.05037	2,0,0:0.50045,0.49955	2,0,1:0.97109,0.02891	2,1,0:0.56226,0.43774	2,1,1:0.10918,0.89082	2,2,0:0.29675,0.70325	2,2,1:0.48643,0.51357
3	3	1	2	4	0,0,0:0.39377,0.05268,0.55355	0,0,1:0.65905,0.23824,0.10271	0,0,2:0.36395,0.56684,0.06921	0,1,0:0.18337,0.58771,0.22891	0,1,1:0.66785,0.24807,0.08408	0,1,2:0.12865,0.57479,0.29656	1,0,0:0.47014,0.15844,0.37142	1,0,1:0.29434,0.31827,0.3874	1,0,2:0.77996,0.06098,0.15906	1,1,0:0.17069,0.67932,0.14999	1,1,1:0.33345,0.26042,0.40613	1,1,2:0.43116,0.47984,0.089	2,0,0:0.23311,0.3807,0.38619	2,0,1:0.35727,0.39792,0.24481	2,0,2:0.12835,0.66405,0.20761	2,1,0:0.44607,0.03647,0.51745	2,1,1:0.25656,0.42059,0.32286	2,1,2:0.33345,0.27287,0.39368
3	4	1	2	7	9	0,0,0,0:0.20701,0.42192,0.37107	0,0,0,1:0.599,0.16623,0.23477	0,0,0,2:0.26628,0.58206,0.15166	0,0,1,0:0.28479,0.30738,0.40783	0,0,1,1:0.43451,0.45073,0.11476	0,0,1,2:0.3492,0.2602,0.3906	0,1,0,0:0.41947,0.27766,0.30286	0,1,0,1:0.26228,0.38356,0.35415	0,1,0,2:0.33049,0.34028,0.32923	0,1,1,0:0.42767,0.46408,0.10825	0,1,1,1:0.0409,0.49674,0.46237	0,1,1,2:0.52083,0.14089,0.33828	1,0,0,0:0.1321,0.29373,0.57417	1,0,0,1:0.09543,0.65606,0.24851	1,0,0,2:0.49392,0.45255,0.05353	1,0,1,0:0.43467,0.441,0.12434	1,0,1,1:0.40937,0.31605,0.27458	1,0,1,2:0.61913,0.06377,0.3171	1,1,0,0:0.38618,0.53552,0.07829	1,1,0,1:0.41467,0.00501,0.58032	1,1,0,2:0.7719,0.21916,0.00895	1,1,1,0:0.30339,0.26029,0.43632	1,1,1,1:0.10274,0.4578,0.43946	1,1,1,2:0.26049,0.35142,0.38809	2,0,0,0:0.37185,0.30475,0.3234	2,0,0,1:0.44883,0.01121,0.53996	2,0,0,2:0.20943,0.13706,0.6535	2,0,1,0:0.38207,0.43213,0.1858	2,0,1,1:0.01488,0.43204,0.55309	2,0,1,2:0.16131,0.35226,0.48643	2,1,0,0:0.57008,0.34818,0.08174	2,1,0,1:0.45911,0.08017,0.46071	2,1,0,2:0.59953,0.10775,0.29272	2,1,1,0:0.54981,0.08304,0.36715	2,1,1,1:0.3764,0.15065,0.47295	2,1,1,2:0.58496,0.00794,0.4071
3	2	4	8	0,0:0.31107,0.58016,0.10877	0,1:0.1854,0.3693,0.4453	1,0:0.05348,0.70063,0.24589	1,1:0.39068,0.52433,0.08499	2,0:0.01419,0.41634,0.56946	2,1:0.24073,0.41599,0.34328
2	2	1	6	0,0:0.57578,0.42422	0,1:0.47588,0.52412	1,0:0.17332,0.82668	1,1:0.99554,0.00446	2,0:0.13338,0.86662	2,1:0.60373,0.39627
2	2	0	4	0,0:0.25048,0.74952	0,1:0.36031,0.63969	0,2:0.35051,0.64949	1,0:0.07732,0.92268	1,1:0.27222,0.72778	1,2:0.96293,0.03707	2,0:0.1263,0.8737	2,1:0.63835,0.36165	2,2:0.57943,0.42057
2	2	8	11	0,0:0.49364,0.50636	0,1:0.43969,0.56031	0,2:0.34045,0.65955	1,0:0.67528,0.32472	1,1:0.33952,0.66048	1,2:0.18533,0.81467
2	2	0	13	0,0:0.25342,0.74658	0,1:0.47368,0.52632	1,0:0.87786,0.12214	1,1:0.6258,0.3742	2,0:0.68481,0.31519	2,1:0.9176,0.0824
2	3	0	7	14	0,0,0:0.38277,0.61723	0,0,1:0.88221,0.11779	0,1,0:0.45868,0.54132	0,1,1:0.77151,0.22849	1,0,0:0.48258,0.51742	1,0,1:0.05453,0.94547	1,1,0:0.44843,0.55157	1,1,1:0.63497,0.36503	2,0,0:0.50456,0.49544	2,0,1:0.78023,0.21977	2,1,0:0.56662,0.43338	2,1,1:0.14376,0.85624
2	3	11	12	15	0,0,0:0.92046,0.07954	0,0,1:0.26383,0.73617	0,1,0:0.95199,0.04801	0,1,1:0.80839,0.19161	1,0,0:0.02747,0.97253	1,0,1:0.359,0.641	1,1,0:0.89506,0.10494	1,1,1:0.59014,0.40986	2,0,0:0.38883,0.61117	2,0,1:0.52701,0.47299	2,1,0:0.38154,0.61846	2,1,1:0.79763,0.20237
3	1	15	0:0.286,0.31627,0.39773	1:0.19523,0.70714,0.09763
2	1	13	0:0.79993,0.20007	1:0.87902,0.12098
3	2	4	6	0,0:0.00296,0.5001,0.49694	0,1:0.43756,0.44313,0.11932	1,0:0.50995,0.18755,0.3025	1,1:0.59765,0.3977,0.00465	2,0:0.91164,0.05825,0.03011	2,1:0.35439,0.26997,0.37564
2	2	19	20	0,0:0.40216,0.59784	0,1:0.59572,0.40428	0,2:0.61724,0.38276	1,0:0.43028,0.56972	1,1:0.60011,0.39989	1,2:0.775,0.225
3	2	4	10	0,0:0.06855,0.28842,0.64303	0,1:0.11979,0.27119,0.60902	0,2:0.39292,0.29445,0.31263	1,0:0.42835,0.35654,0.21512	1,1:0.18321,0.51371,0.30308	1,2:0.02727,0.05354,0.91919	2,0:0.37728,0.35074,0.27198	2,1:0.31714,0.39807,0.28479	2,2:0.22031,0.36279,0.4169
2	2	1	14	0,0:0.82954,0.17046	0,1:0.47246,0.52754	1,0:0.30803,0.69197	1,1:0.39631,0.60369	2,0:0.31548,0.68452	2,1:0.82143,0.17857
2	1	18	0:0.90769,0.09231	1:0.84707,0.15293	2:0.99052,0.00948
2	1	1	0:0.00084,0.99916	1:0.67524,0.32476	2:0.73227,0.26773
2	1	20	0:0.25658,0.74342	1:0.57874,0.42126	2:0.52813,0.47187
2	4	10	13	14	19	0,0,0,0:0.13133,0.86867	0,0,0,1:0.08439,0.91561	0,0,1,0:0.92853,0.07147	0,0,1,1:0.85496,0.14504	0,1,0,0:0.49513,0.50487	0,1,0,1:0.46026,0.53974	0,1,1,0:0.55784,0.44216	0,1,1,1:0.53941,0.46059	1,0,0,0:0.50325,0.49675	1,0,0,1:0.43623,0.56377	1,0,1,0:0.52964,0.47036	1,0,1,1:0.55009,0.44991	1,1,0,0:0.22211,0.77789	1,1,0,1:0.05315,0.94685	1,1,1,0:0.2221,0.7779	1,1,1,1:0.3756,0.6244	2,0,0,0:0.3276,0.6724	2,0,0,1:0.57025,0.42975	2,0,1,0:0.75807,0.24193	2,0,1,1:0.64662,0.35338	2,1,0,0:0.8226,0.1774	2,1,0,1:0.05678,0.94322	2,1,1,0:0.50133,0.49867	2,1,1,1:0.74471,0.25529
2	2	15	26	0,0:0.29226,0.70774	0,1:0.29161,0.70839	1,0:0.48781,0.51219	1,1:0.48488,0.51512
2	2	6	12	0,0:0.2281,0.7719	0,1:0.56109,0.43891	1,0:0.16953,0.83047	1,1:0.21815,0.78185
2	1	9	0:0.38673,0.61327	1:0.28941,0.71059	2:0.1185,0.8815
2	1	7	0:0.45113,0.54887	1:0.05944,0.94056
3	4	7	15	26	31	0,0,0,0:0.2434,0.36478,0.39181	0,0,0,1:0.36282,0.51324,0.12394	0,0,1,0:0.01732,0.92901,0.05366	0,0,1,1:0.41432,0.46877,0.11691	0,1,0,0:0.23328,0.39709,0.36963	0,1,0,1:0.15745,0.28688,0.55567	0,1,1,0:0.37948,0.02928,0.59124	0,1,1,1:0.05774,0.54527,0.39698	1,0,0,0:0.6566,0.15303,0.19037	1,0,0,1:0.20119,0.31125,0.48756	1,0,1,0:0.33939,0.34913,0.31148	1,0,1,1:0.31843,0.65731,0.02426	1,1,0,0:0.41958,0.38525,0.19517	1,1,0,1:0.43862,0.096,0.46538	1,1,1,0:0.06643,0.43972,0.49384	1,1,1,1:0.65038,0.32874,0.02087
2	4	0	6	7	15	0,0,0,0:0.33716,0.66284	0,0,0,1:0.75509,0.24491	0,0,1,0:0.1383,0.8617	0,0,1,1:0.69244,0.30756	0,1,0,0:0.23641,0.76359	0,1,0,1:0.03375,0.96625	0,1,1,0:0.14101,0.85899	0,1,1,1:0.7956,0.2044	1,0,0,0:0.42221,0.57779	1,0,0,1:0.65452,0.34548	1,0,1,0:0.09732,0.90268	1,0,1,1:0.67253,0.32747	1,1,0,0:0.02621,0.97379	1,1,0,1:0.52963,0.47037	1,1,1,0:0.97894,0.02106	1,1,1,1:0.50667,0.49333	2,0,0,0:0.73709,0.26291	2,0,0,1:0.38719,0.61281	2,0,1,0:0.60106,0.39894	2,0,1,1:0.59754,0.40246	2,1,0,0:0.60092,0.39908	2,1,0,1:0.44031,0.55969	2,1,1,0:0.76384,0.23616	2,1,1,1:0.20894,0.79106
2	2	9	18	0,0:0.80088,0.19912	0,1:0.78362,0.21638	0,2:0.25784,0.74216	1,0:0.0349,0.9651	1,1:0.75107,0.24893	1,2:0.99646,0.00354	2,0:0.6365,0.3635	2,1:0.62769,0.37231	2,2:0.20505,0.79495
2	3	11	12	33	0,0,0:0.7106,0.2894	0,0,1:0.40183,0.59817	0,1,0:0.59472,0.40528	0,1,1:0.65089,0.34911	1,0,0:0.615,0.385	1,0,1:0.40023,0.59977	1,1,0:0.10247,0.89753	1,1,1:0.43918,0.56082	2,0,0:0.91112,0.08888	2,0,1:0.50238,0.49762	2,1,0:0.65946,0.34054	2,1,1:0.40758,0.59242
3	2	8	10	0,0:0.30237,0.06621,0.63143	0,1:0.19201,0.37144,0.43655	0,2:0.4506,0.29508,0.25432	1,0:0.47828,0.00358,0.51814	1,1:0.1392,0.45576,0.40504	1,2:0.70277,0.27875,0.01848
2	3	11	26	28	0,0,0:0.63643,0.36357	0,0,1:0.32225,0.67775	0,1,0:0.32006,0.67994	0,1,1:0.69232,0.30768	1,0,0:0.13676,0.86324	1,0,1:0.73103,0.26897	1,1,0:0.61747,0.38253	1,1,1:0.4645,0.5355	2,0,0:0.71421,0.28579	2,0,1:0.57384,0.42616	2,1,0:0.69483,0.30517	2,1,1:0.49525,0.50475
3	1	21	0:0.33329,0.09016,0.57654	1:0.09907,0.51486,0.38607
2	4	2	20	23	25	0,0,0,0:0.30428,0.69572	0,0,0,1:0.59588,0.40412	0,0,1,0:0.23534,0.76466	0,0,1,1:0.60975,0.39025	0,1,0,0:0.81346,0.18654	0,1,0,1:0.10827,0.89173	0,1,1,0:0.5025,0.4975	0,1,1,1:0.71476,0.28524	0,2,0,0:0.93251,0.06749	0,2,0,1:0.1594,0.8406	0,2,1,0:0.20649,0.79351	0,2,1,1:0.44519,0.55481	1,0,0,0:0.47659,0.52341	1,0,0,1:0.17401,0.82599	1,0,1,0:0.9151,0.0849	1,0,1,1:0.43281,0.56719	1,1,0,0:0.69152,0.30848	1,1,0,1:0.69912,0.30088	1,1,1,0:0.89462,0.10538	1,1,1,1:0.30525,0.69475	1,2,0,0:0.48411,0.51589	1,2,0,1:0.3237,0.6763	1,2,1,0:0.0804,0.9196	1,2,1,1:0.41851,0.58149
2	2	2	10	0,0:0.6747,0.3253	0,1:0.47882,0.52118	0,2:0.83441,0.16559	1,0:0.14515,0.85485	1,1:0.40516,0.59484	1,2:0.3766,0.6234
2	3	7	25	38	0,0,0:0.8033,0.1967	0,0,1:0.48329,0.51671	0,0,2:0.85251,0.14749	0,1,0:0.76968,0.23032	0,1,1:0.54861,0.45139	0,1,2:0.34491,0.65509	1,0,0:0.78966,0.21034	1,0,1:0.43032,0.56968	1,0,2:0.42008,0.57992	1,1,0:0.6182,0.3818	1,1,1:0.67842,0.32158	1,1,2:0.01363,0.98637
2	3	1	6	18	0,0,0:0.22001,0.77999	0,0,1:0.27697,0.72303	0,0,2:0.80197,0.19803	0,1,0:0.00747,0.99253	0,1,1:0.89433,0.10567	0,1,2:0.56811,0.43189	1,0,0:0.33823,0.66177	1,0,1:0.31655,0.68345	1,0,2:0.37549,0.62451	1,1,0:0.53301,0.46699	1,1,1:0.68626,0.31374	1,1,2:0.45999,0.54001	2,0,0:0.31891,0.68109	2,0,1:0.39289,0.60711	2,0,2:0.92858,0.07142	2,1,0:0.51904,0.48096	2,1,1:0.55624,0.44376	2,1,2:0.39071,0.60929
2	1	40	0:0.16961,0.83039	1:0.08832,0.91168
2	2	25	29	0,0:0.72928,0.27072	0,1:0.80679,0.19321	1,0:0.47408,0.52592	1,1:0.51906,0.48094
2	3	0	7	13	0,0,0:0.50445,0.49555	0,0,1:0.56218,0.43782	0,1,0:0.48883,0.51117	0,1,1:0.08441,0.91559	1,0,0:0.9935,0.0065	1,0,1:0.72054,0.27946	1,1,0:0.30898,0.69102	1,1,1:0.64038,0.35962	2,0,0:0.64853,0.35147	2,0,1:0.66483,0.33517	2,1,0:0.26408,0.73592	2,1,1:0.51336,0.48664
3	4	6	10	13	33	0,0,0,0:0.43533,0.07126,0.49341	0,0,0,1:0.2314,0.43043,0.33817	0,0,1,0:0.4214,0.40448,0.17413	0,0,1,1:0.09711,0.33254,0.57035	0,1,0,0:0.26881,0.41988,0.31131	0,1,0,1:0.45069,0.22114,0.32817	0,1,1,0:0.059,0.52264,0.41836	0,1,1,1:0.25556,0.14441,0.60003	0,2,0,0:0.67225,0.1731,0.15465	0,2,0,1:0.4961,0.393,0.1109	0,2,1,0:0.38464,0.33238,0.28298	0,2,1,1:0.25749,0.17469,0.56781	1,0,0,0:0.23333,0.2756,0.49107	1,0,0,1:0.37027,0.38456,0.24517	1,0,1,0:0.14755,0.57322,0.27923	1,0,1,1:0.06284,0.41361,0.52356	1,1,0,0:0.4658,0.33219,0.20201	1,1,0,1:0.28685,0.44892,0.26423	1,1,1,0:0.14963,0.39374,0.45663	1,1,1,1:0.33311,0.35994,0.30695	1,2,0,0:0.33327,0.35999,0.30674	1,2,0,1:0.30155,0.35169,0.34677	1,2,1,0:0.78296,0.11034,0.1067	1,2,1,1:0.34644,0.39145,0.2621
2	3	0	21	41	0,0,0:0.58162,0.41838	0,0,1:0.52088,0.47912	0,1,0:0.65846,0.34154	0,1,1:0.42699,0.57301	1,0,0:0.52673,0.47327	1,0,1:0.92542,0.07458	1,1,0:0.84348,0.15652	1,1,1:0.43084,0.56916	2,0,0:0.38641,0.61359	2,0,1:0.08352,0.91648	2,1,0:0.43965,0.56035	2,1,1:0.48474,0.51526
2	4	23	37	43	47	0,0,0,0:0.82829,0.17171	0,0,0,1:0.49408,0.50592	0,0,1,0:0.4904,0.5096	0,0,1,1:0.32987,0.67013	0,1,0,0:0.18008,0.81992	0,1,0,1:0.31148,0.68852	0,1,1,0:0.93782,0.06218	0,1,1,1:0.76807,0.23193	1,0,0,0:0.95837,0.04163	1,0,0,1:0.35966,0.64034	1,0,1,0:0.26595,0.73405	1,0,1,1:0.48713,0.51287	1,1,0,0:0.46909,0.53091	1,1,0,1:0.33848,0.66152	1,1,1,0:0.59919,0.40081	1,1,1,1:0.45184,0.54816
2	1	39	0:0.56306,0.43694	1:0.84162,0.15838
2	0	0.9999,0.0001
2	0	0.7,0.3
2	0	0.7345,0.2655
3	4	49	50	51	52	0,0,0,0:0.96,0.03,0.01	0,0,0,1:0.85,0.13,0.02	0,0,1,0:0.32,0.56,0.12	0,0,1,1:0.29,0.61,0.1	0,1,0,0:0.28,0.38,0.34	0,1,0,1:0.25,0.33,0.42	0,1,1,0:0.16,0.43,0.41	0,1,1,1:0.08,0.16,0.76	1,0,0,0:0.41,0.44,0.15	1,0,0,1:0.27,0.32,0.41	1,0,1,0:0.07,0.45,0.48	1,0,1,1:0.12,0.3,0.58	1,1,0,0:0.14,0.34,0.52	1,1,0,1:0.07,0.31,0.62	1,1,1,0:0.07,0.21,0.72	1,1,1,1:0.01,0.06,0.93
2	1	53	0:0.9,0.1	1:0.77,0.23	2:0.16,0.84
2	1	53	0:0.63,0.37	1:0.55,0.45	2:0.34,0.66
2	1	53	0:0.97,0.03	1:0.39,0.61	2:0.92,0.08
2	1	53	0:0.59,0.41	1:0.16,0.84	2:0.02,0.98
2	1	53	0:0.72,0.28	1:0.45,0.55	2:0.28,0.72
15
13	0
17	0
28	1
32	1
33	1
35	0
36	0
37	0
38	1
41	0
49	1
52	0
55	1
56	0
58	1
53
