19
2	0	0.6651,0.3349
2	0	0.96318,0.03682
3	2	0	1	0,0:0.52685,0.23149,0.24166	0,1:0.15529,0.39912,0.44559	1,0:0.38282,0.22063,0.39655	1,1:0.41097,0.36985,0.21919
2	3	0	1	2	0,0,0:0.19628,0.80372	0,0,1:0.48705,0.51295	0,0,2:0.36692,0.63308	0,1,0:0.11128,0.88872	0,1,1:0.39579,0.60421	0,1,2:0.24835,0.75165	1,0,0:0.19585,0.80415	1,0,1:0.79037,0.20963	1,0,2:0.48376,0.51624	1,1,0:0.8808,0.1192	1,1,1:0.38507,0.61493	1,1,2:0.58116,0.41884
3	3	0	1	2	0,0,0:0.17835,0.31479,0.50687	0,0,1:0.42429,0.24071,0.33499	0,0,2:0.33714,0.37466,0.2882	0,1,0:0.8461,0.1478,0.0061	0,1,1:0.19499,0.65746,0.14755	0,1,2:0.52979,0.02704,0.44317	1,0,0:0.58549,0.12318,0.29133	1,0,1:0.60443,0.3791,0.01647	1,0,2:0.26159,0.04687,0.69154	1,1,0:0.39565,0.36622,0.23813	1,1,1:0.40104,0.15269,0.44627	1,1,2:0.57789,0.31015,0.11196
2	3	1	2	4	0,0,0:0.9373,0.0627	0,0,1:0.56,0.44	0,0,2:0.30954,0.69046	0,1,0:0.53245,0.46755	0,1,1:0.39444,0.60556	0,1,2:0.49069,0.50931	0,2,0:0.03081,0.96919	0,2,1:0.02792,0.97208	0,2,2:0.45854,0.54146	1,0,0:0.34558,0.65442	1,0,1:0.50711,0.49289	1,0,2:0.4652,0.5348	1,1,0:0.24858,0.75142	1,1,1:0.83354,0.16646	1,1,2:0.498,0.502	1,2,0:0.37174,0.62826	1,2,1:0.1373,0.8627	1,2,2:0.73258,0.26742
2	1	3	0:0.48477,0.51523	1:0.11241,0.88759
2	4	1	3	5	6	0,0,0,0:0.13734,0.86266	0,0,0,1:0.22703,0.77297	0,0,1,0:0.53972,0.46028	0,0,1,1:0.43758,0.56242	0,1,0,0:0.75004,0.24996	0,1,0,1:0.21857,0.78143	0,1,1,0:0.36055,0.63945	0,1,1,1:0.71841,0.28159	1,0,0,0:0.51592,0.48408	1,0,0,1:0.51176,0.48824	1,0,1,0:0.32877,0.67123	1,0,1,1:0.56188,0.43812	1,1,0,0:0.67307,0.32693	1,1,0,1:0.51246,0.48754	1,1,1,0:0.1951,0.8049	1,1,1,1:0.58347,0.41653
2	4	0	1	2	4	0,0,0,0:0.66508,0.33492	0,0,0,1:0.91827,0.08173	0,0,0,2:0.31101,0.68899	0,0,1,0:0.18232,0.81768	0,0,1,1:0.91595,0.08405	0,0,1,2:0.2425,0.7575	0,0,2,0:0.54269,0.45731	0,0,2,1:0.70599,0.29401	0,0,2,2:0.6671,0.3329	0,1,0,0:0.27196,0.72804	0,1,0,1:0.49609,0.50391	0,1,0,2:0.36851,0.63149	0,1,1,0:0.46288,0.53712	0,1,1,1:0.77684,0.22316	0,1,1,2:0.40561,0.59439	0,1,2,0:0.3085,0.6915	0,1,2,1:0.47338,0.52662	0,1,2,2:0.81244,0.18756	1,0,0,0:0.23911,0.76089	1,0,0,1:0.55646,0.44354	1,0,0,2:0.31684,0.68316	1,0,1,0:0.88407,0.11593	1,0,1,1:0.67121,0.32879	1,0,1,2:0.49179,0.50821	1,0,2,0:0.70452,0.29548	1,0,2,1:0.5723,0.4277	1,0,2,2:0.37991,0.62009	1,1,0,0:0.56611,0.43389	1,1,0,1:0.4266,0.5734	1,1,0,2:0.87335,0.12665	1,1,1,0:0.44814,0.55186	1,1,1,1:0.22827,0.77173	1,1,1,2:0.71252,0.28748	1,1,2,0:0.39678,0.60322	1,1,2,1:0.5609,0.4391	1,1,2,2:0.37255,0.62745
2	1	2	0:0.53198,0.46802	1:0.51103,0.48897	2:0.59063,0.40937
2	0	0.9999,0.0001
2	0	0.7,0.3
2	0	0.7345,0.2655
3	4	9	10	11	12	0,0,0,0:0.96,0.03,0.01	0,0,0,1:0.85,0.13,0.02	0,0,1,0:0.32,0.56,0.12	0,0,1,1:0.29,0.61,0.1	0,1,0,0:0.28,0.38,0.34	0,1,0,1:0.25,0.33,0.42	0,1,1,0:0.16,0.43,0.41	0,1,1,1:0.08,0.16,0.76	1,0,0,0:0.41,0.44,0.15	1,0,0,1:0.27,0.32,0.41	1,0,1,0:0.07,0.45,0.48	1,0,1,1:0.12,0.3,0.58	1,1,0,0:0.14,0.34,0.52	1,1,0,1:0.07,0.31,0.62	1,1,1,0:0.07,0.21,0.72	1,1,1,1:0.01,0.06,0.93
2	1	13	0:0.9,0.1	1:0.77,0.23	2:0.16,0.84
2	1	13	0:0.63,0.37	1:0.55,0.45	2:0.34,0.66
2	1	13	0:0.97,0.03	1:0.39,0.61	2:0.92,0.08
2	1	13	0:0.59,0.41	1:0.16,0.84	2:0.02,0.98
2	1	13	0:0.72,0.28	1:0.45,0.55	2:0.28,0.72
9
1	0
2	1
3	0
4	1
6	0
10	0
15	0
16	0
18	0
13
